[sect_weather_2001]

00:00:00		=	def_2001
12:00:00		=	def_2001

[def_2001]
        flares                = flares_clear_morning
        sky_texture           = sky\af_la_clear\18-00
        sky_rotation          = 0.000000
        sky_color             = 0.660156, 0.660156, 0.660156
        clouds_texture        = sky\sky_oblaka
        clouds_color          = 0.800781, 0.898438, 1.000000, 0.2, 1.0
        far_plane             = 600.000000
        fog_distance          = 600.000000
        fog_color             = 0.222656, 0.191406, 0.183594
        fog_density           = 1.000000
        rain_color            = 0.679688, 0.640625, 0.601563
        rain_density          = 0.000000
        water_intensity       = 0.500000
        thunderbolt           = 
        bolt_duration         = 0.000000
        bolt_period           = 0.000000
        wind_direction        = 0.000000
        wind_velocity         = 0.000000
        ambient               = 0.062500, 0.066406, 0.074219
        lmap_color            = 1.000000, 1.000000, 1.000000
        hemi_color            = 0.398438, 0.398438, 0.398438, 1.000000
        sun_color             = 1.000000, 0.945313, 0.859375
        sun_dir               = -27.560000, -94.212900
        sun_shafts_intensity  = 2.000000
        env_ambient           = ambient_env_day