[weather_base]

clouds_velocity_0                       = 0.000000
clouds_velocity_1                       = 0.000000

lmap_color                              = 1.000000, 1.000000, 1.000000
sun_lumscale							= 1.000000
sky_color								= 1.000000, 1.000000, 1.000000
sky_rotation							= 0.000000

dof                                     = -2.500000, 1.500000, 550.000000
dof_kernel                              = 2.000000
dof_sky                                 = 0.000000

rain_density                            = 0.000000
rain_color                              = 0.150000, 0.150000, 0.150000
water_intensity                         = 1.000000

; Wind
wind_velocity                           = 0.000000
wind_direction                          = 0.000000
wind_sound_volume                       = 0.000000
trees_amplitude                         = 0.005000
swing_normal_amp1                       = 0.010000
swing_normal_amp2                       = 0.005000
swing_normal_rot1                       = 300.000000
swing_normal_rot2                       = 10.000000
swing_normal_speed                      = 2.000000
swing_fast_amp1                         = 0.350000
swing_fast_amp2                         = 0.200000
swing_fast_rot1                         = 5.000000
swing_fast_rot2                         = 0.500000
swing_fast_speed                        = 0.500000

; Thunderbolt
thunderbolt                             = 
bolt_duration                           = 0.000000
bolt_period                             = 0.000000
